1    479.51     990.55    24.21     -14.07     426526.    2040.
2    310.90     920.76    15.38     -12.36     88008.     2039.
3    373.02     867.02    14.98     -12.22     77507.     2040.
4    135.69     780.15    18.26     -10.13     11277.     2039.
5    274.94     638.02    17.56     -13.49     248025.    2040.
6    250.86     641.01    15.17     -11.01     25460.     2042.
7    134.67     396.40    17.78     -8.55      2637.      2039.
8    195.43     190.16    17.16     -11.61     44127.     2041.
9    317.21     144.09    30.54     -14.47     611634.    2039.
10   387.84     400.01    15.29     -12.81     133493.    2039.
11   373.95     475.16    15.65     -12.54     103346.    2039.
12   383.47     518.92    16.32     -11.82     53541.     2040.
13   415.01     673.31    19.84     -13.59     272099.    2040.
14   428.86     786.82    14.33     -7.97      1541.      2040.
15   542.18     815.72    15.02     -9.92      9316.      2039.
16   511.89     766.27    13.37     -7.82      1343.      2039.
17   587.84     685.67    16.40     -11.34     34309.     2039.
18   642.46     565.60    21.13     -13.67     293701.    2041.
19   641.54     433.19    16.19     -11.74     49881.     2040.
20   569.00     405.30    29.10     -14.56     666701.    2039.
21   638.46     276.91    14.82     -12.43     93713.     2039.
22   918.43     415.88    14.66     -13.24     197736.    2040.
23   821.65     575.38    28.86     -14.40     573069.    2040.
24   873.06     619.50    12.52     -7.77      1285.      2039.
25   890.90     694.03    14.59     -10.04     10382.     2039.
26   929.48     744.48    16.33     -7.97      1536.      2039.
27   853.12     797.43    10.56     -7.59      1087.      2039.
28   642.77     832.53    15.94     -10.80     20937.     2038.