#   COL    LINE   COORDINATES
#     R    MAG    FLUX     SKY    PEAK    E   PA BETA ENCLOSED   MOFFAT DIRECT
 512.01  586.32 512.01 586.32
   9.81  -5.06   105.7   0.275   8.185 0.16   52 4.79     3.14     3.23   3.27
 497.66  558.77 497.66 558.77
  11.20  -5.03   102.5    0.27   6.579 0.21   50 3.00     3.25     3.74   3.74
 497.65  558.73 497.65 558.73
   9.73  -4.95   95.77  0.2658   7.353 0.15   58 5.92     3.10     3.54   3.24


Least Bright

 533.34  552.74 533.34 552.74
  14.96  -4.87   88.34  0.3183   1.549 0.20   61 2.17     6.68     5.07   5.00
 519.09  525.23 519.09 525.23
  16.04  -4.84   86.31  0.3122   1.393 0.23   59 2.12     6.87     5.31   5.34
 519.05  525.19 519.05 525.19
  14.83  -4.78   81.56  0.3044   1.444 0.19   61 1.83     6.50     4.96   4.92

B-V Values: (B) first

#   COL    LINE    COORDINATES
#     R    MAG    FLUX     SKY    PEAK    E   PA BETA ENCLOSED   MOFFAT DIRECT

(1) 479.51  990.55 479.51 990.55
  24.21 -14.07 426526.   2040.   6937. 0.21  -73 6.39     6.29     8.45   8.07

467.62 1000.17 467.62 1000.17
  27.84 -14.36 553406.   3546.   6835. 0.25  -73 6.71     7.10     9.76   9.28


(2)310.90  920.76 310.90 920.76
  15.38 -12.36  88008.   2039.   2513. 0.25  -61 1.74     4.99     4.75   5.23

298.88  929.86  298.88 929.86
  12.98 -12.89 143649.   3546.   5532. 0.31  -51 5.08     4.38     4.06   4.38


(3)373.02  867.02 373.02 867.02
  14.98 -12.22  77507.   2040.   2459. 0.24  -65 1.78     5.15     4.60   5.03

360.91  876.15  360.91 876.15
  11.15 -12.77 128057.   3547.   6005. 0.25  -57 2.48     3.83     3.58   3.76


(4)135.69  780.15 135.69 780.15
  18.26 -10.13  11277.   2039.   257.6 0.26   79 4.80     6.17     5.40   6.16

130.17  731.91  130.17 731.91
  14.56  -9.05   4180.   3544.   140.5 1.99  -28 9.06     3.96     5.81   4.92


(5)274.94  638.02 274.94 638.02
  17.56 -13.49 248025.   2040.   6733. 0.14  -31 5.28     4.87     5.99   5.85

 262.56  647.12  262.56 647.12
  21.35 -13.78 326459.   3548.   6902. 0.25  -38 6.90     5.58     7.30   7.12


(6) 250.86  641.01 250.86 641.01
  15.17 -11.01  25460.   2042.   863.3 0.85   -5 3.38     4.78     4.73   5.05

 238.66  650.18  238.66 650.18
  10.68 -11.71  48225.   3554.   2857. 0.35  -26 1.23     3.61     3.08   3.60


(7)134.67  396.40 134.67 396.40
  17.78  -8.55   2637.   2039.   64.96 0.07   78 6.95     5.39     5.07   5.48

122.31  405.78  122.31 405.78
  14.54  -9.21   4809.   3545.   211.8 INDEF   34 17.9     4.53     4.61   4.98


(8)195.43  190.16 195.43 190.16
  17.16 -11.61  44127.   2041.   1220. 0.33   34 5.36     5.15     5.18   5.78

 183.36  199.57  183.36 199.57
  14.99 -12.19  75362.   3551.   2771. 0.49   34 5.03     4.54     4.25   5.12


(9) 317.21  144.09 317.21 144.09
  30.54 -14.47 611634.   2039.   6786. 0.06   76 3.57     7.49    10.32  10.18

304.91  153.65  304.91 153.65
  33.45 -14.81 836911.   3545.   6778. 0.23   85 6.51     8.73    12.27  11.13


(10)387.84  400.01 387.84 400.01
  15.29 -12.81 133493.   2039.   5201. 0.05   22 6.20     4.27     4.53   5.11

 375.61  409.33  375.61 409.33
  14.59 -13.16 183668.   3547.   7037. 0.12    4 5.24     4.19     4.87   4.87


(11) 373.95  475.16 373.95 475.16
  15.65 -12.54 103346.   2039.   3803. 0.10   -1 24.7     4.31     4.87   5.22

 361.72  484.44  361.72 484.44
  12.86 -12.99 156548.   3546.   7130. 0.13   -7 4.87     3.76     4.29   4.28


(12)383.47  518.92 383.47 518.92
  16.32 -11.82  53541.   2040.   1923. 0.12  -24 29.6     4.39     5.02   5.48

 371.28  528.05  371.28 528.05
   9.41 -12.44  94722.   3546.   5697. 0.14  -21 5.74     3.12     3.52   3.14


(13)415.01  673.31 415.01 673.31
  19.84 -13.59 272099.   2040.   6792. 0.12  -31 6.91     5.04     7.01   6.62

 402.79  682.55  402.79 682.55
  22.54 -13.89 358217.   3546.   6907. 0.14  -21 6.68     5.73     7.78   7.52


(14)428.86  786.82 428.86 786.82
  14.33  -7.97   1541.   2040.   52.85 0.72   85 3.00     4.81     4.76   4.76

 416.94  796.13  416.94 796.13
   8.68  -8.94   3773.   3543.   210.8 0.11  -46 4.31     2.65     3.02   2.81


(15)542.18  815.72 542.18 815.72
  15.02  -9.92   9316.   2039.   279.1 0.29  -29 5.80     5.01     5.33   5.02

 530.27  824.73  530.27 824.73
   9.74 -10.71  19312.   3546.   1027. 0.33  -35 5.17     3.24     3.42   3.25


(16) 511.89  766.27 511.89 766.27
  13.37  -7.82   1343.   2039.    51.7 3.90   77 8.20     3.98     5.50   4.36

 499.76  775.25  499.76 775.25
   9.93  -9.43   5910.   3542.   281.2 0.09  -83 2.28     3.11     3.05   3.28


(17)587.84  685.67 587.84 685.67
  16.40 -11.34  34309.   2039.   1115. 0.48   13 9.16     4.41     6.51   5.49

 575.89  694.58  575.89 694.58
  10.62 -11.98  61949.   3546.   3469. 0.05   83 14.4     3.60     3.52   3.56


(18)642.46  565.60 642.46 565.60
  21.13 -13.67 293701.   2041.   7040. 0.21   87 7.99     5.25     7.62   7.05

 630.20  574.98  630.20 574.98
  37.47 -14.38 567276.   3547.   6802. 0.92   79 11.5    15.64     8.57  16.69


(19)641.54  433.19 641.54 433.19
  16.19 -11.74  49881.   2040.   1945. 0.15  -28 5.74     4.18     5.24   5.40

 629.52  442.57  629.52 442.57
  15.22 -12.26  80477.   3548.   3259. 0.29  -80 4.82     4.07     4.84   5.08


(20)569.00  405.30 569.00 405.30
  29.10 -14.56 666701.   2039.   6755. 0.54  -88 7.00     7.79    11.47   9.70

 556.55  414.69  556.55 414.69
  31.44 -14.95 951607.   3547.   6858. 0.79  -88 5.89     9.37    11.98  10.49

(21)638.46  276.91 638.46 276.91
  14.82 -12.43  93713.   2039.   3655. 0.17  -43 19.4     4.13     4.69   4.94

 626.44  286.54  626.44 286.54
  13.38 -12.95 151847.   3545.   6654. 0.18  -33 3.82     4.33     4.02   4.53


(22)918.43  415.88 918.43 415.88
  14.66 -13.24 197736.   2040.   6840. 0.28  -22 32.5     4.34     4.90   4.89

 906.13  425.24  906.13 425.24
  18.54 -13.60 275201.   3548.   6808. 0.23  -26 6.01     5.16     6.35   6.20


(23)821.65  575.38 821.65 575.38
  28.86 -14.40 573069.   2040.   6900. 0.34  -83 7.49     7.24    10.63   9.62

 809.65  584.82  809.65 584.82
  30.99 -14.76 798972.   3547.   6773. 0.60  -89 6.58     8.54    11.88  10.33

(24)873.06  619.50 873.06 619.50
  12.52  -7.77   1285.   2039.   44.32 0.65   76 7.97     4.56     5.36   4.72

 860.83  628.59  860.83 628.59
  17.98  -8.60   2744.   3545.   157.2 45.9  -46 1.20     3.50     3.40   4.64


(25)890.90  694.03 890.90 694.03
  14.59 -10.04  10382.   2039.   415.8 0.33   18 6.66     4.62     4.34   4.92

 878.60  702.93  878.60 702.93
  11.27 -11.03  25748.   3544.   1169. 0.10   56 11.1     3.82     3.77   3.77


(26) 971.28  715.08 971.28 715.08
  15.05  -9.09   4340.   2039.   153.4 0.23   55 1.49     4.73     4.03   5.08

V 916.87  753.42 916.87 753.42
  10.03  -9.01   4029.   3547.   202.9 2.05   76 3.75     3.66     3.65   3.43
 B 929.48  744.48 929.48 744.48
  16.33  -7.97   1536.   2039.   57.82 11.7   11 3.44     5.21     4.45   6.42


(27) 853.12  797.43 853.12 797.43
  10.56  -7.59   1087.   2039.   45.06 0.84  -37 10.4     3.97     4.23   4.28

 916.87  753.42  916.87 753.42
  10.03  -9.01   4029.   3547.   202.9 2.05   76 3.75     3.66     3.65   3.43

(28) 642.77  832.53 642.77 832.53
  15.94 -10.80  20937.   2038.   628.5 0.19  -55 12.1     4.99     5.13   5.31

 841.28  806.46  841.28 806.46
  11.21  -8.92   3686.   3545.   192.3 0.70   -8 0.48     4.48     2.45   3.73

  #Standard Data V first:

  #   COL    LINE  COORDINATES
#     R    MAG    FLUX     SKY    PEAK    E   PA BETA ENCLOSED   MOFFAT DIRECT
 190.29   95.78 190.29 95.78
  17.83 -10.95  24037.   3545.   654.8 0.28   39 4.08     5.60     4.50   6.41
 514.90  393.60 514.90 393.60
  12.38 -11.61  44083.   3544.   2652. 0.01  -63 0.96     3.65     3.02   4.24
 609.22  469.26 609.22 469.26
  14.83 -11.17  29406.   3544.   1108. 0.39  -20 5.29     4.07     5.09   4.95
 625.51  550.30 625.51 550.30
  15.28 -13.04 164529.   3551.   6810. 0.13  -59 5.07     4.02     4.90   5.10
 777.29  475.50 777.29 475.50
  21.11 -13.71 304531.   3545.   6927. 0.15  -22 6.76     5.39     7.17   7.04
 593.46  741.82 593.46 741.82
   9.41 -10.28  12890.   3547.   817.3 0.18  -83 4.67     3.14     3.21   3.12
 584.04  854.50 584.04 854.50
  15.20 -13.31 210687.   3545.   6962. 0.17  -82 5.26     4.36     5.19   5.07
 899.13  871.25 899.13 871.25
  13.92 -10.06  10616.   3544.   393.8 0.43   53 2.42     4.66     3.72   4.90
 871.61  839.51 871.61 839.51
  12.71  -9.88   8934.   3545.   365.4 0.49   63 8.06     4.19     3.99   4.40
 898.08  807.89 898.08 807.89
  12.18  -9.94   9439.   3545.   435.7 0.17   46 2.85     4.03     3.61   4.23
 958.93  724.17 958.93 724.17
  13.36 -10.95  24062.   3545.   906.9 0.12   18 28.6     4.51     4.25   4.51
 911.77  632.09 911.77 632.09
  11.62 -12.14  72101.   3546.   3179. 0.16   37 14.8     4.00     3.91   3.99
 989.63  261.73 989.63 261.73
  13.82 -13.09 172802.   3550.   5647. 0.36  -36 3.90     4.65     4.47   4.62
 255.90  516.18 255.90 516.18
  10.48 -10.94  23804.   3547.   1336. 0.36    4 7.12     3.60     3.55   3.48
 559.99  178.59 559.99 178.59
  16.04 -10.16  11610.   3544.   392.1 0.59   89 4.08     5.03     4.37   5.59

# B

#   COL    LINE  COORDINATES
#     R    MAG    FLUX     SKY    PEAK    E   PA BETA ENCLOSED   MOFFAT DIRECT
 202.19   86.32 202.19 86.32
  18.98  -9.53   6471.   2039.   156.3 0.56    6 10.6     5.77     5.46   6.37
 526.94  384.05 526.94 384.05
  16.99  -9.29   5194.   2039.    195. INDEF  -81 15.5     4.27     5.34   5.68
 621.15  460.00 621.15 460.00
  16.85 -10.17  11655.   2039.   410.8 0.26  -34 16.8     4.44     5.32   5.63
 637.53  541.17 637.53 541.17
  16.58 -12.46  96694.   2041.   3668. 0.07   70 15.2     4.22     5.24   5.53
 789.50  466.19 789.50 466.19
  17.39 -13.35 218154.   2039.   6953. 0.19  -18 5.90     4.53     5.77   5.80
 605.67  732.84 605.67 732.84
  15.49  -9.43   5897.   2039.   207.2 0.06   38 28.2     4.65     4.92   5.23
 596.00  845.29 596.00 845.29
  15.26 -12.22  77551.   2039.   2782. 0.20   85 2.83     4.45     4.51   5.09
 911.52  862.33 911.52 862.33
  18.13  -9.25   5018.   2038.   128.2 0.35  -35 3.37     5.39     5.12   6.27
 884.04  830.73 884.04 830.73
  18.37  -9.17   4664.   2038.   123.2 0.38   63 4.00     5.16     5.27   6.24
 910.38  799.03 910.38 799.03
  15.80  -8.93   3742.   2039.    144. 21.8    8 2.43     4.87     4.33   5.27
 971.28  715.08 971.28 715.08
  15.05  -9.09   4340.   2039.   153.4 0.23   55 1.49     4.73     4.03   5.08
 924.19  623.12 924.19 623.12
  14.89 -11.43  37330.   2039.   1451. 0.12   14 2.88     4.44     4.19   5.00
1001.98  252.17 1001.98 252.17
  14.04 -11.49  39388.   2039.   1328. 0.36  -28 1.73     4.79     4.22   4.86
 268.13  507.07 268.13 507.07
  16.66  -8.97   3871.   2039.   125.1 0.06   45 31.4     5.59     5.12   5.57
 572.05  168.99 572.05 168.99
  16.33  -9.19   4735.   2039.   148.6 0.78  -72 6.92     5.01     5.94   5.47

