#    B    FLUX       V     FLUX   Data From standard.txt
1  -9.53  6471    -10.95  24037.  1  11.88  11.02
2  -9.29  5194.   -11.61  44083.  2  11.97  10.16
3  -10.17 11655.  -11.17  29406.  3  11.37  10.77
4  -12.46 96694.  -13.04  164529. 4  9.05   8.88
5  -13.35 218154. -13.71  304531. 5  8.14   8.1
6  -9.43  5897.   -10.28  12890.  6  12.16  11.59
7  -12.22 77551.  -13.31  210687. 7  9.28   8.54
8  -9.25  5018.   -10.06  10616.  8  12.39  12.03
9  -9.17  4664.   -9.88   8934.   9  12.48  12.02
10 -8.93  3742.   -9.94   9439.   10 12.43  11.95
11 -9.09  4340.   -10.95  24062.  11 12.29  10.92
12 -11.43 37330.  -12.14  72101.  12 10.1   9.8
13 -11.49 39388.  -13.09  172802. 13 9.98   8.81
14 -8.97  3871.   -10.94  23804.  14 12.34  10.8
15 -9.19  4735.   -10.16  11610.  15 12.29  11.96

