1 190.29 95.78 17.83 -10.95  24037.   3545.
2 514.90 393.60 12.38 -11.61  44083.   3544.
3 609.22 469.26 14.83 -11.17  29406.   3544.
4 625.51 550.30 15.28 -13.04 164529.   3551.
5 777.29 475.50 21.11 -13.71 304531.   3545.
6 593.46 741.82 9.41 -10.28  12890.   3547.
7 584.04 854.50 15.20 -13.31 210687.   3545.
8 899.13 871.25 13.92 -10.06  10616.   3544.
9 871.61 839.51 12.71  -9.88   8934.   3545.
10 898.08 807.89 12.18  -9.94   9439.   3545.
11 958.93 724.17 13.36 -10.95  24062.   3545.
12 911.77 632.09 11.62 -12.14  72101.   3546.
13 989.63 261.73 13.82 -13.09 172802.   3550.
14 255.90 516.18 10.48 -10.94  23804.   3547.
15 559.99 178.59 16.04 -10.16  11610.   3544.