1 202.19 86.32 18.98  -9.53   6471.   2039.
2 526.94 384.05 16.99  -9.29   5194.   2039.
3 621.15 460.00 16.85 -10.17  11655.   2039.
4 637.53 541.17 16.58 -12.46  96694.   2041.
5 789.50 466.19 17.39 -13.35 218154.   2039.
6 605.67 732.84 15.49  -9.43   5897.   2039.
7 596.00 845.29 15.26 -12.22  77551.   2039.
8 911.52 862.33 18.13  -9.25   5018.   2038.
9 884.04 830.73 18.37  -9.17   4664.   2038.
10 910.38 799.03 15.80  -8.93   3742.   2039.
11 971.28 715.08 15.05  -9.09   4340.   2039.
12 924.19 623.12 14.89 -11.43  37330.   2039.
13 1001.98 252.17 14.04 -11.49  39388.   2039.
14 268.13 507.07 16.66  -8.97   3871.   2039.
15 572.05 168.99 16.33  -9.19   4735.   2039.