1    467.62     1000.17   27.84     -14.36     553406.    3546.
2    298.88     929.86    12.98     -12.89     143649.    3546.
3    360.91     876.15    11.15     -12.77     128057.    3547.
4    130.17     731.91    14.56     -9.05      4180.      3544.
5    262.56     647.12    21.35     -13.78     326459.    3548.
6    238.66     650.18    10.68     -11.71     48225.     3554.
7    122.31     405.78    14.54     -9.21      4809.      3545.
8    183.36     199.57    14.99     -12.19     75362.     3551.
9    304.91     153.65    33.45     -14.81     836911.    3545.
10   375.61     409.33    14.59     -13.16     183668.    3547.
11   361.72     484.44    12.86     -12.99     156548.    3546.
12   371.28     528.05    9.41      -12.44     94722.     3546.
13   402.79     682.55    22.54     -13.89     358217.    3546.
14   416.94     796.13    8.68      -8.94      3773.      3543.
15   530.27     824.73    9.74      -10.71     19312.     3546.
16   499.76     775.25    9.93      -9.43      5910.      3542.
17   575.89     694.58    10.62     -11.98     61949.     3546.
18   630.20     574.98    37.47     -14.38     567276.    3547.
19   629.52     442.57    15.22     -12.26     80477.     3548.
20   556.55     414.69    31.44     -14.95     951607.    3547.
21   626.44     286.54    13.38     -12.95     151847.    3545.
22   906.13     425.24    18.54     -13.60     275201.    3548.
23   809.65     584.82    30.99     -14.76     798972.    3547.
24   860.83     628.59    17.98     -8.60      2744.      3545.
25   878.60     702.93    11.27     -11.03     25748.     3544.
26   916.87     753.42    10.03     -9.01      4029.      3547.
27   916.87     753.42    10.03     -9.01      4029.      3547.
28   841.28     806.46    11.21     -8.92      3686.      3545.